require 'matrix.rb'

res = [4, 	2, 	3, 	4, 	2, 	2, 	2, 	4, 	4, 	2, 	2, 	3, 	4, 	4, 	3, 	2, 	3, 	3, 	2, 	2, 	2, 	1, 	5, 	2, 	2, 	4, 	1, 	2, 	1, 	1, 	4, 	2, 	2]

avg = [3.177, 1.816, 2.286, 2.544, 2.551, 2.299, 2.578, 3.136, 2.741, 2.776, 3.102, 2.327, 2.728, 3.469, 3.299, 2.299, 3.068, 2.136, 3.354, 2.687, 1.524, 1.993, 3.122, 2.939, 2.639, 2.15, 1.755, 1.837, 1.741, 2.905, 3.238, 2.082, 2.571]

cov = Matrix[[1.242, -0.125, 0.066, 0.033, 0.032, -0.074, -0.021, 0.079, 0.217, 0.013, -0.052, -0.113, 0.103, -0.015, 0.241, -0.115, 0.056, 0.024, -0.145, -0.143, -0.059, 0.042, -0.07, -0.229, 0.112, 0.131, 0.037, 0.07, 0.108, -0.052, 0.033, -0.042, 0.028],
[-0.125, 0.713, -0.036, -0.064, -0.042, 0.049, 0.011, -0.228, -0.034, -0.035, 0.197, -0.159, -0.085, 0.011, -0.109, 0.117, 0.102, 0.046, 0.059, -0.044, 0.076, 0.088, -0.005, 0.002, -0.026, -0.102, 0.167, 0.059, -0.007, 0.256, -0.052, -0.047, 0.044],
[0.066, -0.036, 0.973, 0.028, 0.211, -0.045, -0.29, 0.159, 0.232, -0.497, -0.009, 0.105, -0.072, 0.324, -0.161, 0.099, -0.184, 0.091, -0.52, 0.2, 0.171, 0.091, 0.54, -0.078, 0.09, 0.06, -0.265, -0.145, 0.163, -0.055, -0.075, -0.27, 0.582],
[0.033, -0.064, 0.028, 0.866, 0.047, -0.15, -0.057, 0.275, 0.087, -0.007, -0.076, 0.129, 0.176, 0.003, 0.083, 0.007, -0.037, 0.001, 0.012, 0.165, 0.021, -0.078, 0.008, 0.013, 0.026, 0.048, 0.059, -0.041, 0.059, -0.044, 0.171, 0.01, 0.084],
[0.032, -0.042, 0.211, 0.047, 1.098, 0.012, -0.067, 0.062, -0.007, -0.115, 0.115, 0.298, -0.075, 0.096, 0.019, -0.241, -0.086, -0.048, -0.237, 0.071, -0.003, -0.01, 0.096, 0.034, -0.005, -0.131, -0.138, 0.029, 0.239, 0.005, -0.112, 0.016, 0.053],
[-0.074, 0.049, -0.045, -0.15, 0.012, 0.882, 0.175, -0.041, -0.148, 0.081, 0.045, 0.066, -0.069, -0.114, -0.159, -0.118, 0.219, -0.041, 0.256, -0.015, 0.096, 0.057, 0.038, 0.066, -0.131, -0.031, 0.019, 0.104, 0.003, 0.111, -0.113, 0.099, 0.068],
[-0.021, 0.011, -0.29, -0.057, -0.067, 0.175, 0.999, -0.1, -0.397, 0.295, 0.071, -0.019, 0.035, -0.123, 0.285, -0.318, 0.282, -0.161, 0.321, 0.038, -0.01, 0.072, -0.119, 0.145, 0.011, -0.121, 0.081, 0.335, 0.034, 0.179, 0.094, 0.007, -0.216],
[0.079, -0.228, 0.159, 0.275, 0.062, -0.041, -0.1, 1.57, 0.193, 0.003, -0.514, -0.004, 0.291, 0.285, -0.062, -0.048, -0.105, -0.012, -0.199, 0.44, -0.038, -0.273, 0.216, 0.029, -0.122, -0.014, -0.124, -0.032, 0.07, -0.405, 0.241, -0.052, 0.141],
[0.217, -0.034, 0.232, 0.087, -0.007, -0.148, -0.397, 0.193, 1.138, -0.168, -0.289, 0.092, 0.121, 0.163, -0.114, 0.187, -0.174, 0.166, -0.449, 0.014, -0.049, -0.07, 0.052, -0.338, 0.112, 0.046, -0.18, -0.193, 0.022, -0.155, 0.233, -0.04, 0.293],
[0.013, -0.035, -0.497, -0.007, -0.115, 0.081, 0.295, 0.003, -0.168, 1.394, 0.044, 0.04, 0.103, -0.476, 0.485, -0.11, 0.159, -0.188, 0.395, -0.126, -0.094, 0.019, -0.424, 0.048, -0.212, 0.054, 0.109, 0.073, -0.093, 0.136, -0.008, 0.368, -0.741],
[-0.052, 0.197, -0.009, -0.076, 0.115, 0.045, 0.071, -0.514, -0.289, 0.044, 1.668, 0.021, -0.088, 0.075, 0.182, -0.181, 0.151, 0.082, 0.217, -0.036, 0.261, 0.329, 0.035, 0.342, -0.12, -0.05, 0.053, 0.078, 0.04, 0.51, -0.1, -0.002, -0.045],
[-0.113, -0.159, 0.105, 0.129, 0.298, 0.066, -0.019, -0.004, 0.092, 0.04, 0.021, 1.221, -0.109, -0.086, -0.057, -0.468, -0.118, -0.141, 0.062, 0.212, -0.042, 0.05, -0.047, 0.191, 0.071, -0.248, -0.077, 0.047, 0.352, -0.133, -0.236, 0.144, -0.099],
[0.103, -0.085, -0.072, 0.176, -0.075, -0.069, 0.035, 0.291, 0.121, 0.103, -0.088, -0.109, 0.939, 0.142, 0.034, 0.253, -0.036, 0.085, -0.143, 0.113, -0.083, -0.194, -0.008, -0.085, -0.023, 0.205, 0.132, -0.052, -0.043, -0.143, 0.223, -0.08, 0.026],
[-0.015, 0.011, 0.324, 0.003, 0.096, -0.114, -0.123, 0.285, 0.163, -0.476, 0.075, -0.086, 0.142, 1.443, -0.135, 0.071, -0.128, 0.086, -0.215, 0.162, 0.218, -0.017, 0.319, 0.104, 0.376, -0.036, -0.097, 0.016, -0.042, 0.059, 0.189, -0.045, 0.394],
[0.241, -0.109, -0.161, 0.083, 0.019, -0.159, 0.285, -0.062, -0.114, 0.485, 0.182, -0.057, 0.034, -0.135, 1.965, -0.104, -0.014, 0.082, 0.078, 0.026, 0.061, 0.194, -0.42, -0.084, 0.095, -0.004, 0.286, 0.2, -0.039, 0.405, 0.223, 0.064, -0.446],
[-0.115, 0.117, 0.099, 0.007, -0.241, -0.118, -0.318, -0.048, 0.187, -0.11, -0.181, -0.468, 0.253, 0.071, -0.104, 1.567, -0.123, 0.336, -0.415, -0.214, 0.054, -0.121, 0.086, -0.488, -0.275, 0.338, 0.094, -0.101, -0.169, -0.074, 0.045, -0.347, 0.088],
[0.056, 0.102, -0.184, -0.037, -0.086, 0.219, 0.282, -0.105, -0.174, 0.159, 0.151, -0.118, -0.036, -0.128, -0.014, -0.123, 0.968, -0.064, 0.305, 0.008, -0.036, -0.013, -0.091, 0.08, -0.105, -0.01, 0.092, 0.155, 0.045, 0.116, 0.073, 0.207, -0.019],
[0.024, 0.046, 0.091, 0.001, -0.048, -0.041, -0.161, -0.012, 0.166, -0.188, 0.082, -0.141, 0.085, 0.086, 0.082, 0.336, -0.064, 0.639, -0.206, -0.094, 0.161, -0.006, 0.052, -0.156, 0.015, 0.082, 0.061, 0.016, -0.013, 0.088, 0.05, -0.169, 0.066],
[-0.145, 0.059, -0.52, 0.012, -0.237, 0.256, 0.321, -0.199, -0.449, 0.395, 0.217, 0.062, -0.143, -0.215, 0.078, -0.415, 0.305, -0.206, 1.764, -0.073, -0.015, 0.044, -0.482, 0.556, -0.063, -0.211, 0.306, 0.14, 0.003, -0.185, -0.023, 0.423, -0.491],
[-0.143, -0.044, 0.2, 0.165, 0.071, -0.015, 0.038, 0.44, 0.014, -0.126, -0.036, 0.212, 0.113, 0.162, 0.026, -0.214, 0.008, -0.094, -0.073, 1.121, 0.179, 0.107, 0.059, 0.227, -0.018, -0.234, -0.063, 0.038, 0.268, 0.025, 0.082, 0.06, 0.214],
[-0.059, 0.076, 0.171, 0.021, -0.003, 0.096, -0.01, -0.038, -0.049, -0.094, 0.261, -0.042, -0.083, 0.218, 0.061, 0.054, -0.036, 0.161, -0.015, 0.179, 0.689, 0.127, 0.1, 0.108, 0.087, -0.052, 0.068, 0.004, 0.034, 0.126, 0.053, 0.032, 0.082],
[0.042, 0.088, 0.091, -0.078, -0.01, 0.057, 0.072, -0.273, -0.07, 0.019, 0.329, 0.05, -0.194, -0.017, 0.194, -0.121, -0.013, -0.006, 0.044, 0.107, 0.127, 0.856, -0.033, 0.089, -0.037, -0.17, 0.081, 0.067, 0.19, 0.575, -0.046, -0.027, 0.004],
[-0.07, -0.005, 0.54, 0.008, 0.096, 0.038, -0.119, 0.216, 0.052, -0.424, 0.035, -0.047, -0.008, 0.319, -0.42, 0.086, -0.091, 0.052, -0.482, 0.059, 0.1, -0.033, 1.149, -0.027, 0.01, 0.077, -0.374, -0.151, 0.011, -0.112, 0.046, -0.257, 0.614],
[-0.229, 0.002, -0.078, 0.013, 0.034, 0.066, 0.145, 0.029, -0.338, 0.048, 0.342, 0.191, -0.085, 0.104, -0.084, -0.488, 0.08, -0.156, 0.556, 0.227, 0.108, 0.089, -0.027, 1.236, -0.118, -0.326, 0.053, 0.017, 0.094, 0.015, -0.033, 0.053, -0.061],
[0.112, -0.026, 0.09, 0.026, -0.005, -0.131, 0.011, -0.122, 0.112, -0.212, -0.12, 0.071, -0.023, 0.376, 0.095, -0.275, -0.105, 0.015, -0.063, -0.018, 0.087, -0.037, 0.01, -0.118, 1.081, -0.021, 0.007, 0.071, 0.077, -0.103, 0.052, -0.107, 0.153],
[0.131, -0.102, 0.06, 0.048, -0.131, -0.031, -0.121, -0.014, 0.046, 0.054, -0.05, -0.248, 0.205, -0.036, -0.004, 0.338, -0.01, 0.082, -0.211, -0.234, -0.052, -0.17, 0.077, -0.326, -0.021, 1.087, 0.037, 0.038, -0.214, -0.061, 0.067, -0.019, -0.018],
[0.037, 0.167, -0.265, 0.059, -0.138, 0.019, 0.081, -0.124, -0.18, 0.109, 0.053, -0.077, 0.132, -0.097, 0.286, 0.094, 0.092, 0.061, 0.306, -0.063, 0.068, 0.081, -0.374, 0.053, 0.007, 0.037, 0.803, 0.104, -0.016, 0.155, 0.038, 0.232, -0.304],
[0.07, 0.059, -0.145, -0.041, 0.029, 0.104, 0.335, -0.032, -0.193, 0.073, 0.078, 0.047, -0.052, 0.016, 0.2, -0.101, 0.155, 0.016, 0.14, 0.038, 0.004, 0.067, -0.151, 0.017, 0.071, 0.038, 0.104, 0.727, 0.033, 0.19, -0.029, -0.007, -0.132],
[0.108, -0.007, 0.163, 0.059, 0.239, 0.003, 0.034, 0.07, 0.022, -0.093, 0.04, 0.352, -0.043, -0.042, -0.039, -0.169, 0.045, -0.013, 0.003, 0.268, 0.034, 0.19, 0.011, 0.094, 0.077, -0.214, -0.016, 0.033, 0.7, 0.085, -0.109, -0.006, 0.039],
[-0.052, 0.256, -0.055, -0.044, 0.005, 0.111, 0.179, -0.405, -0.155, 0.136, 0.51, -0.133, -0.143, 0.059, 0.405, -0.074, 0.116, 0.088, -0.185, 0.025, 0.126, 0.575, -0.112, 0.015, -0.103, -0.061, 0.155, 0.19, 0.085, 1.525, 0.037, 0.172, 0.048],
[0.033, -0.052, -0.075, 0.171, -0.112, -0.113, 0.094, 0.241, 0.233, -0.008, -0.1, -0.236, 0.223, 0.189, 0.223, 0.045, 0.073, 0.05, -0.023, 0.082, 0.053, -0.046, 0.046, -0.033, 0.052, 0.067, 0.038, -0.029, -0.109, 0.037, 1.018, 0.035, 0.082],
[-0.042, -0.047, -0.27, 0.01, 0.016, 0.099, 0.007, -0.052, -0.04, 0.368, -0.002, 0.144, -0.08, -0.045, 0.064, -0.347, 0.207, -0.169, 0.423, 0.06, 0.032, -0.027, -0.257, 0.053, -0.107, -0.019, 0.232, -0.007, -0.006, 0.172, 0.035, 1.514, -0.191],
[0.028, 0.044, 0.582, 0.084, 0.053, 0.068, -0.216, 0.141, 0.293, -0.741, -0.045, -0.099, 0.026, 0.394, -0.446, 0.088, -0.019, 0.066, -0.491, 0.214, 0.082, 0.004, 0.614, -0.061, 0.153, -0.018, -0.304, -0.132, 0.039, 0.048, 0.082, -0.191, 1.37]]

res = res.zip(avg).map{|x, y| x - y}

mid = Matrix.columns(cov.eigen.eigenvalues().zip(cov.eigen.eigenvectors()).sort!{|x, y| y.first <=> x.first}.map{|x| x[1]})
mid = Matrix.columns([mid.column(0), mid.column(1)]).transpose

pos = (mid * Matrix.columns([res])).to_a.map(&:first)
others = [[-0.126, -0.295, "BE"],[-0.257, -0.664, "CEE"],[0.022, -0.328, "CS"],[0.099, 0.471, "ME"],[0.285, -0.484, "OTHER"]]

puts pos.inspect

puts others.map{|x, y, z| [Math::sqrt((x - pos[0])**2 + (y - pos[1])**2), z]}.sort.first.inspect
